blc0
=========================
sda               0.00     0.00    0.00    0.00     0.00     0.00     0.00     0.00    0.00    0.00    0.00   0.00   0.00
sdb               0.00     0.00 1026.50    0.00 131192.00     0.00   255.61     0.19    0.18    0.18    0.00   0.14  14.00
blc1
=========================
sda               0.00     0.00 1024.00    0.00 131072.00     0.00   256.00     0.11    0.11    0.11    0.00   0.11  10.80
sdb               0.00     0.00    0.00    0.00     0.00     0.00     0.00     0.00    0.00    0.00    0.00   0.00   0.00
blc2
=========================
sda               0.00     0.00  958.50    0.00 122688.00     0.00   256.00     0.11    0.11    0.11    0.00   0.10   9.20
sdb               0.00     0.00    0.00    0.00     0.00     0.00     0.00     0.00    0.00    0.00    0.00   0.00   0.00
blc3
=========================
sda               0.00     0.00  851.00    0.50 108928.00     2.00   255.85     0.19    0.22    0.22    0.00   0.15  12.60
sdb               0.00     0.00    0.00    0.00     0.00     0.00     0.00     0.00    0.00    0.00    0.00   0.00   0.00
blc4
=========================
sda               0.00     0.00   87.00    0.00 11262.00     0.00   258.90     0.32    3.66    3.66    0.00   2.46  21.40
sdb               0.00     0.00  512.00    0.00 65536.00     0.00   256.00     0.07    0.14    0.14    0.00   0.10   5.20
blc5
=========================
sda               0.00     0.00    0.00    0.00     0.00     0.00     0.00     0.00    0.00    0.00    0.00   0.00   0.00
sdb               0.00     0.00 1024.00    0.00 131072.00     0.00   256.00     0.14    0.14    0.14    0.00   0.12  11.80
blc6
=========================
sda               0.00     0.00  839.00    0.00 107392.00     0.00   256.00     0.08    0.09    0.09    0.00   0.08   6.60
sdb               0.00     0.00    0.00    0.00     0.00     0.00     0.00     0.00    0.00    0.00    0.00   0.00   0.00
blc7
=========================
sda               0.00     0.00    0.00    0.00     0.00     0.00     0.00     0.00    0.00    0.00    0.00   0.00   0.00
sdb               0.00     0.00  799.00    0.00 102272.00     0.00   256.00     0.12    0.15    0.15    0.00   0.11   9.00
